# columns = ['i', 'j', 'delay', 'weight']
0.0	0.0	1.0	-2.9033589363098145
5.0	0.0	1.0	2.0885992050170898
7.0	0.0	1.0	-4.4680361747741699
4.0	0.0	1.0	2.1756899356842041
8.0	0.0	1.0	-0.4146701991558075
9.0	0.0	1.0	1.415955662727356
3.0	0.0	1.0	0.39902219176292419
6.0	0.0	1.0	2.2475259304046631
10.0	0.0	1.0	-4.3586630821228027
14.0	0.0	1.0	-5.2040829658508301
15.0	0.0	1.0	1.5049989223480225
13.0	0.0	1.0	0.09966336190700531
1.0	0.0	1.0	0.40056028962135315
11.0	0.0	1.0	0.45574036240577698
12.0	0.0	1.0	1.7711195945739746
2.0	0.0	1.0	-2.9460060596466064
13.0	1.0	1.0	0.59823209047317505
10.0	1.0	1.0	-4.6914100646972656
8.0	1.0	1.0	2.3177924156188965
7.0	1.0	1.0	-4.4671726226806641
11.0	1.0	1.0	1.1654223203659058
12.0	1.0	1.0	0.029840881004929543
9.0	1.0	1.0	-1.7340697050094604
6.0	1.0	1.0	-3.2365038394927979
5.0	1.0	1.0	-2.983590841293335
14.0	1.0	1.0	-2.381577730178833
0.0	1.0	1.0	-2.9991023540496826
4.0	1.0	1.0	-3.1160681247711182
15.0	1.0	1.0	-4.231956958770752
1.0	1.0	1.0	-3.5773046016693115
2.0	1.0	1.0	0.51451700925827026
3.0	1.0	1.0	-0.85397762060165405
11.0	2.0	1.0	-2.9011633396148682
0.0	2.0	1.0	1.6660107374191284
10.0	2.0	1.0	-1.9570454359054565
1.0	2.0	1.0	0.4047437310218811
2.0	2.0	1.0	0.36952915787696838
9.0	2.0	1.0	1.2943555116653442
12.0	2.0	1.0	-3.5185678005218506
13.0	2.0	1.0	-3.0908410549163818
8.0	2.0	1.0	1.7121409177780151
3.0	2.0	1.0	1.3941737413406372
14.0	2.0	1.0	1.6974879503250122
15.0	2.0	1.0	0.052326325327157974
7.0	2.0	1.0	0.012620785273611546
4.0	2.0	1.0	-3.3642332553863525
6.0	2.0	1.0	-1.771523118019104
5.0	2.0	1.0	-2.1243305206298828
13.0	3.0	1.0	-4.244746208190918
12.0	3.0	1.0	1.857246994972229
14.0	3.0	1.0	-2.0448989868164062
7.0	3.0	1.0	-0.091320700943470001
10.0	3.0	1.0	2.159926176071167
9.0	3.0	1.0	-2.0620594024658203
8.0	3.0	1.0	-5.6243128776550293
6.0	3.0	1.0	-3.4953896999359131
5.0	3.0	1.0	1.6456609964370728
4.0	3.0	1.0	-2.2529289722442627
3.0	3.0	1.0	-4.4487333297729492
2.0	3.0	1.0	2.5758109092712402
1.0	3.0	1.0	0.31069046258926392
0.0	3.0	1.0	1.707573413848877
11.0	3.0	1.0	-0.04939819872379303
15.0	3.0	1.0	1.7161778211593628
