# columns = ['i', 'j', 'delay', 'weight']
0.0	0.0	1.0	1.7852112054824829
56.0	0.0	1.0	-1.1409027576446533
29.0	0.0	1.0	1.3579558134078979
28.0	0.0	1.0	0.74553763866424561
27.0	0.0	1.0	-2.0937683582305908
26.0	0.0	1.0	-1.7862770557403564
57.0	0.0	1.0	0.078253604471683502
25.0	0.0	1.0	0.53152292966842651
24.0	0.0	1.0	-0.49499917030334473
23.0	0.0	1.0	-1.4754757881164551
30.0	0.0	1.0	-0.27196893095970154
22.0	0.0	1.0	0.075896948575973511
21.0	0.0	1.0	-2.2468938827514648
20.0	0.0	1.0	-0.14998233318328857
19.0	0.0	1.0	-0.5390094518661499
18.0	0.0	1.0	-0.22535496950149536
59.0	0.0	1.0	0.95738112926483143
17.0	0.0	1.0	-1.7524524927139282
16.0	0.0	1.0	0.29741236567497253
15.0	0.0	1.0	0.63782232999801636
14.0	0.0	1.0	0.57749646902084351
58.0	0.0	1.0	0.67250823974609375
31.0	0.0	1.0	1.7731491327285767
32.0	0.0	1.0	-1.3613736629486084
33.0	0.0	1.0	0.12841668725013733
50.0	0.0	1.0	1.0146502256393433
49.0	0.0	1.0	0.21127992868423462
48.0	0.0	1.0	-2.0285758972167969
47.0	0.0	1.0	0.76399117708206177
52.0	0.0	1.0	-2.033693790435791
46.0	0.0	1.0	-0.9970374107360841
45.0	0.0	1.0	-1.708350658416748
44.0	0.0	1.0	-1.2479356527328491
43.0	0.0	1.0	0.68039184808731079
53.0	0.0	1.0	-0.94091248512268066
42.0	0.0	1.0	-1.3873550891876221
41.0	0.0	1.0	-0.012762328609824181
40.0	0.0	1.0	0.41077792644500732
39.0	0.0	1.0	-2.2627074718475342
54.0	0.0	1.0	-0.35918748378753662
38.0	0.0	1.0	0.7428097128868103
37.0	0.0	1.0	-1.8422797918319702
36.0	0.0	1.0	1.4422121047973633
35.0	0.0	1.0	-1.2443373203277588
55.0	0.0	1.0	-0.88615334033966064
34.0	0.0	1.0	0.20776054263114929
60.0	0.0	1.0	0.49573838710784912
13.0	0.0	1.0	-1.3484578132629395
51.0	0.0	1.0	0.81340157985687256
61.0	0.0	1.0	1.8086148500442505
3.0	0.0	1.0	-1.2176061868667603
2.0	0.0	1.0	-0.78610652685165405
4.0	0.0	1.0	0.44706651568412781
63.0	0.0	1.0	1.2282085418701172
62.0	0.0	1.0	-0.036061417311429977
12.0	0.0	1.0	0.85506057739257813
11.0	0.0	1.0	0.31962797045707703
10.0	0.0	1.0	1.0157800912857056
6.0	0.0	1.0	-2.3577830791473389
1.0	0.0	1.0	-0.52597808837890625
5.0	0.0	1.0	-2.2223100662231445
8.0	0.0	1.0	-0.45960479974746704
7.0	0.0	1.0	-1.8747386932373047
9.0	0.0	1.0	-1.7260371446609497
62.0	1.0	1.0	0.32850298285484314
35.0	1.0	1.0	-0.05152781680226326
36.0	1.0	1.0	-1.5144435167312622
4.0	1.0	1.0	0.12404540181159973
34.0	1.0	1.0	-0.40020355582237244
32.0	1.0	1.0	-0.57437235116958618
55.0	1.0	1.0	0.75793915987014771
33.0	1.0	1.0	-2.0618982315063477
31.0	1.0	1.0	-0.22592850029468536
30.0	1.0	1.0	0.92414921522140503
6.0	1.0	1.0	-1.4639643430709839
29.0	1.0	1.0	-1.1220413446426392
56.0	1.0	1.0	-1.0568892955780029
28.0	1.0	1.0	-1.674422025680542
5.0	1.0	1.0	-0.57988673448562622
37.0	1.0	1.0	-1.0808799266815186
12.0	1.0	1.0	0.52080261707305908
38.0	1.0	1.0	0.83067333698272705
50.0	1.0	1.0	-0.95220822095870972
0.0	1.0	1.0	-1.7962567806243896
51.0	1.0	1.0	0.57778775691986084
49.0	1.0	1.0	-2.1111769676208496
48.0	1.0	1.0	-1.6461912393569946
63.0	1.0	1.0	-1.2117433547973633
47.0	1.0	1.0	0.33760097622871399
1.0	1.0	1.0	-1.8155314922332764
46.0	1.0	1.0	1.2162349224090576
52.0	1.0	1.0	-0.93350166082382202
45.0	1.0	1.0	0.94771456718444824
44.0	1.0	1.0	0.63471460342407227
43.0	1.0	1.0	-1.7470448017120361
2.0	1.0	1.0	0.47938254475593567
42.0	1.0	1.0	1.1224454641342163
53.0	1.0	1.0	0.80198723077774048
41.0	1.0	1.0	0.042496860027313232
40.0	1.0	1.0	-1.9017298221588135
3.0	1.0	1.0	-1.2072827816009521
39.0	1.0	1.0	0.18712277710437775
27.0	1.0	1.0	-1.9444842338562014
54.0	1.0	1.0	-0.36446404457092285
7.0	1.0	1.0	1.0595852136611938
25.0	1.0	1.0	-1.3060240745544434
8.0	1.0	1.0	-1.0195585489273071
16.0	1.0	1.0	0.34283986687660217
59.0	1.0	1.0	-0.56993293762207031
21.0	1.0	1.0	-0.0033602151088416576
9.0	1.0	1.0	0.21940070390701294
58.0	1.0	1.0	0.50827640295028687
15.0	1.0	1.0	0.70299661159515381
23.0	1.0	1.0	-0.72281557321548462
17.0	1.0	1.0	-0.26706793904304504
14.0	1.0	1.0	-1.2387365102767944
22.0	1.0	1.0	0.19513954222202301
24.0	1.0	1.0	-2.1458072662353516
11.0	1.0	1.0	0.63305580615997314
61.0	1.0	1.0	-1.8731157779693604
20.0	1.0	1.0	0.64900004863739014
57.0	1.0	1.0	-2.8050479888916016
10.0	1.0	1.0	-1.819827675819397
26.0	1.0	1.0	-0.34735009074211121
60.0	1.0	1.0	0.44241571426391602
19.0	1.0	1.0	-2.3538250923156738
18.0	1.0	1.0	0.7036287784576416
13.0	1.0	1.0	0.54113173484802246
17.0	2.0	1.0	-0.0054364805109798908
16.0	2.0	1.0	-1.6620014905929565
2.0	2.0	1.0	-0.79873669147491455
40.0	2.0	1.0	0.33485189080238342
53.0	2.0	1.0	0.84746646881103516
42.0	2.0	1.0	0.34906524419784546
10.0	2.0	1.0	-0.12172979116439819
41.0	2.0	1.0	-0.076508589088916779
26.0	2.0	1.0	-1.229586124420166
52.0	2.0	1.0	-0.3158000111579895
44.0	2.0	1.0	-1.3672540187835693
12.0	2.0	1.0	-1.54180908203125
60.0	2.0	1.0	0.25740185379981995
49.0	2.0	1.0	-1.0138945579528809
0.0	2.0	1.0	-0.41481831669807434
51.0	2.0	1.0	-1.5289136171340942
48.0	2.0	1.0	0.19993780553340912
13.0	2.0	1.0	-0.81800907850265503
43.0	2.0	1.0	0.26198601722717285
11.0	2.0	1.0	-1.6336967945098877
14.0	2.0	1.0	0.56470078229904175
46.0	2.0	1.0	-0.58500766754150391
1.0	2.0	1.0	0.51398938894271851
45.0	2.0	1.0	0.94825911521911621
15.0	2.0	1.0	0.54592341184616089
59.0	2.0	1.0	-0.79177534580230713
18.0	2.0	1.0	-1.2648651599884033
47.0	2.0	1.0	-1.4801316261291504
39.0	2.0	1.0	0.78056073188781738
38.0	2.0	1.0	0.78438866138458252
3.0	2.0	1.0	0.64916402101516724
8.0	2.0	1.0	1.6083137989044189
63.0	2.0	1.0	-1.0452284812927246
23.0	2.0	1.0	0.028298843652009964
57.0	2.0	1.0	-0.34117206931114197
30.0	2.0	1.0	0.82981348037719727
6.0	2.0	1.0	0.4454953670501709
29.0	2.0	1.0	-1.4407434463500977
24.0	2.0	1.0	0.84620296955108643
28.0	2.0	1.0	-0.27174466848373413
50.0	2.0	1.0	0.94075363874435425
25.0	2.0	1.0	0.53806400299072266
56.0	2.0	1.0	1.0914841890335083
27.0	2.0	1.0	0.3490200936794281
61.0	2.0	1.0	-0.64871048927307129
7.0	2.0	1.0	1.1869508028030396
55.0	2.0	1.0	-0.21836523711681366
5.0	2.0	1.0	0.21712508797645569
32.0	2.0	1.0	0.09585561603307724
20.0	2.0	1.0	-1.6516844034194946
62.0	2.0	1.0	-2.1646654605865479
19.0	2.0	1.0	0.4214673638343811
58.0	2.0	1.0	-0.49322476983070374
37.0	2.0	1.0	1.2718589305877686
9.0	2.0	1.0	0.44977524876594543
54.0	2.0	1.0	-1.5662699937820435
36.0	2.0	1.0	-1.3986884355545044
22.0	2.0	1.0	0.6745065450668335
4.0	2.0	1.0	0.19666895270347595
31.0	2.0	1.0	-0.78176659345626831
35.0	2.0	1.0	-1.1893156766891479
34.0	2.0	1.0	-2.0344734191894531
21.0	2.0	1.0	1.6193872690200806
33.0	2.0	1.0	0.019144488498568535
54.0	3.0	1.0	-0.26772370934486389
62.0	3.0	1.0	-0.40488854050636292
59.0	3.0	1.0	0.98299455642700195
51.0	3.0	1.0	-0.98686152696609497
61.0	3.0	1.0	-1.2059791088104248
57.0	3.0	1.0	0.98872745037078846
58.0	3.0	1.0	0.53718668222427368
52.0	3.0	1.0	0.90155285596847534
53.0	3.0	1.0	-0.045534562319517136
56.0	3.0	1.0	-0.5798952579498291
55.0	3.0	1.0	1.7810056209564209
60.0	3.0	1.0	-1.4709218740463257
31.0	3.0	1.0	-1.3374321460723877
49.0	3.0	1.0	-0.46628686785697937
21.0	3.0	1.0	-1.1240935325622559
20.0	3.0	1.0	-0.78577297925949097
19.0	3.0	1.0	0.35094583034515381
18.0	3.0	1.0	-2.1324574947357178
17.0	3.0	1.0	-0.59962838888168335
16.0	3.0	1.0	0.49622076749801641
15.0	3.0	1.0	-1.4938088655471802
14.0	3.0	1.0	0.52571010589599609
13.0	3.0	1.0	0.90071749687194824
12.0	3.0	1.0	-1.3133324384689331
22.0	3.0	1.0	-1.7395714521408081
11.0	3.0	1.0	0.6830211877822876
9.0	3.0	1.0	-1.3997142314910889
8.0	3.0	1.0	-1.6330444812774658
7.0	3.0	1.0	-1.373424768447876
6.0	3.0	1.0	-0.49071422219276434
5.0	3.0	1.0	-1.1075748205184937
4.0	3.0	1.0	-1.0433779954910278
3.0	3.0	1.0	-0.73015844821929932
2.0	3.0	1.0	-0.67441666126251221
1.0	3.0	1.0	0.51863944530487061
0.0	3.0	1.0	-1.106564998626709
10.0	3.0	1.0	0.72112590074539185
50.0	3.0	1.0	-1.4513356685638428
23.0	3.0	1.0	0.49838843941688532
25.0	3.0	1.0	0.44737088680267334
48.0	3.0	1.0	0.46213966608047485
47.0	3.0	1.0	-1.9944112300872803
46.0	3.0	1.0	1.2486438751220703
45.0	3.0	1.0	0.88998705148696899
44.0	3.0	1.0	1.1794462203979492
43.0	3.0	1.0	0.61286062002182007
42.0	3.0	1.0	-1.0904968976974487
41.0	3.0	1.0	-1.2244641780853271
40.0	3.0	1.0	-0.26422467827796936
39.0	3.0	1.0	0.16904632747173309
24.0	3.0	1.0	0.79305499792098999
38.0	3.0	1.0	-0.77163618803024292
36.0	3.0	1.0	-1.1479663848876953
35.0	3.0	1.0	1.168635368347168
34.0	3.0	1.0	0.24436812102794644
33.0	3.0	1.0	1.2036207914352417
32.0	3.0	1.0	-1.3282397985458374
30.0	3.0	1.0	-1.4027992486953735
29.0	3.0	1.0	0.065502427518367767
28.0	3.0	1.0	-1.5840553045272827
27.0	3.0	1.0	0.72541177272796631
26.0	3.0	1.0	0.17398481070995331
37.0	3.0	1.0	-0.67354840040206909
63.0	3.0	1.0	0.4441353976726532
